year,Quater,pincode,registred_user
2018,Q1,201301,114625
2018,Q1,500072,105012
2018,Q1,560068,98487
2018,Q1,110059,95496
2018,Q1,110092,83600
2018,Q1,122001,82656
2018,Q1,560037,75304
2018,Q1,395006,72275
2018,Q1,800001,71092
2018,Q1,302012,68098
2018,Q2,201301,151073
2018,Q2,500072,129543
2018,Q2,560068,128921
2018,Q2,110059,124901
2018,Q2,110092,108175
2018,Q2,122001,107275
2018,Q2,800001,94711
2018,Q2,395006,94500
2018,Q2,560037,93771
2018,Q2,302012,89071
2018,Q3,201301,188664
2018,Q3,110059,156028
2018,Q3,500072,152034
2018,Q3,560068,151862
2018,Q3,110092,136676
2018,Q3,122001,130847
2018,Q3,395006,113391
2018,Q3,302012,107088
2018,Q3,560037,106572
2018,Q3,800001,106255
2018,Q4,201301,250205
2018,Q4,110059,206537
2018,Q4,560068,201605
2018,Q4,110092,177133
2018,Q4,500072,175163
2018,Q4,122001,163556
2018,Q4,560037,137280
2018,Q4,800001,134254
2018,Q4,110086,133412
2018,Q4,110085,132600
2019,Q1,201301,301260
2019,Q1,110059,246566
2019,Q1,560068,237280
2019,Q1,500072,221180
2019,Q1,110092,206805
2019,Q1,122001,194366
2019,Q1,110086,158267
2019,Q1,560078,157977
2019,Q1,395006,157558
2019,Q1,560076,157367
2019,Q2,201301,336709
2019,Q2,110059,274593
2019,Q2,560068,263531
2019,Q2,500072,242007
2019,Q2,110092,228546
2019,Q2,122001,217913
2019,Q2,421302,182371
2019,Q2,395006,180042
2019,Q2,560078,178837
2019,Q2,110086,177199
2019,Q3,201301,369425
2019,Q3,110059,300007
2019,Q3,560068,289417
2019,Q3,500072,261019
2019,Q3,110092,248727
2019,Q3,122001,239679
2019,Q3,421302,208109
2019,Q3,395006,198132
2019,Q3,110086,194575
2019,Q3,800001,194197
2019,Q4,201301,398548
2019,Q4,110059,320535
2019,Q4,560068,313673
2019,Q4,500072,279498
2019,Q4,110092,264380
2019,Q4,122001,258880
2019,Q4,421302,243170
2019,Q4,560078,218317
2019,Q4,395006,214322
2019,Q4,560076,211683
2020,Q1,201301,425915
2020,Q1,110059,342152
2020,Q1,560068,334481
2020,Q1,500072,296003
2020,Q1,110092,280039
2020,Q1,122001,277400
2020,Q1,421302,270275
2020,Q1,560078,234102
2020,Q1,395006,230047
2020,Q1,110086,226703
2020,Q2,201301,445271
2020,Q2,110059,365614
2020,Q2,560068,351484
2020,Q2,500072,309469
2020,Q2,421302,298762
2020,Q2,110092,295000
2020,Q2,122001,293479
2020,Q2,560078,247869
2020,Q2,110086,246312
2020,Q2,395006,245129
2020,Q3,201301,472490
2020,Q3,110059,393571
2020,Q3,560068,373446
2020,Q3,421302,328833
2020,Q3,500072,328018
2020,Q3,110092,314384
2020,Q3,122001,314031
2020,Q3,110086,267186
2020,Q3,560078,265627
2020,Q3,121004,261230
2020,Q4,201301,504506
2020,Q4,110059,423149
2020,Q4,560068,399638
2020,Q4,421302,365506
2020,Q4,500072,350832
2020,Q4,122001,336803
2020,Q4,110092,335783
2020,Q4,110086,288308
2020,Q4,560078,285544
2020,Q4,121004,283882
2021,Q1,201301,541127
2021,Q1,110059,454201
2021,Q1,560068,427525
2021,Q1,421302,396179
2021,Q1,500072,375272
2021,Q1,122001,361360
2021,Q1,110092,359376
2021,Q1,110086,310419
2021,Q1,121004,306230
2021,Q1,560078,305721
2021,Q2,201301,577428
2021,Q2,110059,485328
2021,Q2,560068,455417
2021,Q2,421302,424376
2021,Q2,500072,398987
2021,Q2,122001,385555
2021,Q2,110092,383095
2021,Q2,110086,332618
2021,Q2,121004,328000
2021,Q2,560078,325334
2021,Q3,201301,618043
2021,Q3,110059,520096
2021,Q3,560068,486170
2021,Q3,421302,456284
2021,Q3,500072,425197
2021,Q3,122001,412737
2021,Q3,110092,409520
2021,Q3,110086,357590
2021,Q3,121004,352312
2021,Q3,560078,346840
2021,Q4,201301,659549
2021,Q4,110059,555449
2021,Q4,560068,517115
2021,Q4,421302,488443
2021,Q4,500072,451595
2021,Q4,122001,440178
2021,Q4,110092,436075
2021,Q4,110086,382858
2021,Q4,121004,376910
2021,Q4,560078,368213
2022,Q1,201301,698600
2022,Q1,110059,588266
2022,Q1,560068,545827
2022,Q1,421302,518716
2022,Q1,500072,476073
2022,Q1,122001,465984
2022,Q1,110092,460951
2022,Q1,110086,406863
2022,Q1,121004,400283
2022,Q1,560078,388154
2022,Q2,201301,735907
2022,Q2,110059,619737
2022,Q2,560068,573310
2022,Q2,421302,547501
2022,Q2,500072,499269
2022,Q2,122001,490709
2022,Q2,110092,484816
2022,Q2,110086,429566
2022,Q2,121004,422488
2022,Q2,560078,407066
2022,Q3,201301,774591
2022,Q3,110059,652328
2022,Q3,560068,601656
2022,Q3,421302,577754
2022,Q3,500072,523196
2022,Q3,122001,516313
2022,Q3,110092,509260
2022,Q3,110086,453393
2022,Q3,121004,445822
2022,Q3,201009,428994
2022,Q4,201301,814008
2022,Q4,110059,685596
2022,Q4,560068,630255
2022,Q4,421302,608005
2022,Q4,500072,547282
2022,Q4,122001,542209
2022,Q4,110092,534009
2022,Q4,110086,477514
2022,Q4,121004,468607
2022,Q4,201009,451153
2023,Q1,201301,851451
2023,Q1,110059,716856
2023,Q1,560068,658173
2023,Q1,421302,636458
2023,Q1,500072,570652
2023,Q1,122001,566889
2023,Q1,110092,557488
2023,Q1,110086,500213
2023,Q1,121004,490243
2023,Q1,201009,472156
2023,Q2,201301,883262
2023,Q2,110059,744061
2023,Q2,560068,680831
2023,Q2,421302,662196
2023,Q2,500072,589156
2023,Q2,122001,587988
2023,Q2,110092,577301
2023,Q2,110086,520976
2023,Q2,121004,509776
2023,Q2,201009,490549
